0.14221597 45.27034378 -140.03400000
0.09199513 36.26390076 -129.82100000
12.85117245 91.28836060 -135.50800000
33.50164032 1.15005171 -128.64800000
0.30365708 46.84441376 -153.38800000
0.19865680 46.75594711 -132.86700000
0.04603703 50.94039917 -132.01600000
106.73217773 42.24659729 -137.31900000
59.88877106 3.57308555 -131.80300000
0.07090504 47.05523300 -137.51000000
71.26020050 22.44764709 -140.58700000
62.39920044 35.17773056 -129.83500000
109.24721527 83.73978424 -122.57300000
0.10312604 44.55454254 -126.41600000
14.60818863 77.77984619 -134.15600000
47.74581909 1.98270583 -127.98900000
23.23141861 4.32823038 -132.43700000
55.67061615 55.68276596 -132.00000000
0.27901322 40.21755600 -132.46700000
15.29157543 58.74909592 -135.25600000
17.25977516 61.01156998 -152.38400000
37.40139771 4.03118420 -147.90800000
0.23044278 44.56480026 -142.20800000
0.38770580 42.25185013 -128.24900000
10.87533569 13.71462250 -130.84200000
3.47248816 15.88487053 -125.06000000
0.44100708 4.51884556 -117.06800000
0.11410113 41.54756165 -151.20600000
15.91675663 14.31682682 -124.47800000
54.54991150 3.94625378 -141.09400000
0.36054039 47.86796188 -144.00600000
1.28915346 72.58464050 -146.60700000
11.72500134 15.99618053 -143.32600000
94.83827972 28.21206093 -129.22100000
0.00000000 12.04254818 -133.49900000
0.05723446 47.08600616 -135.21900000
66.19738007 20.39188766 -121.69800000
48.14555359 34.77445602 -136.03400000
10.90773964 15.10392666 -134.30200000
0.15494211 40.02676392 -152.88300000
73.56642914 187.68241882 -128.77300000
46.97329330 29.30597878 -139.24400000
34.48012161 44.46294022 -136.75100000
17.66238213 21.41912460 -114.99900000
5.84802532 68.81461334 -149.75200000
0.53489262 38.18490982 -131.89800000
0.19249199 43.03851318 -130.57500000
7.83319426 10.61254692 -138.79700000
0.15389229 46.24574280 -133.35100000
20.36706924 0.77244246 -122.53400000
7.98704958 15.08600521 -134.79300000
98.87567902 45.93706894 -136.41000000
116.60892487 30.25847816 -138.04300000
30.20743752 4.28094625 -140.03800000
0.30737945 42.38405609 -152.13400000
71.67484283 4.19574738 -131.22000000
80.45476532 27.56944466 -141.61100000
83.21823883 21.24504280 -130.00000000
0.21438904 42.66785049 -143.15500000
0.24119388 44.71117783 -137.45100000
0.48644117 46.58336258 -144.74600000
9.31361294 93.86040497 -135.68700000
0.00872100 48.10173416 -136.76300000
89.16854095 18.34152794 -130.09700000
48.66987228 4.96834087 -132.84300000
43.31417847 4.57785797 -121.58900000
11.15736389 63.48324966 -125.47000000
0.15581509 44.93966293 -145.78500000
44.94541550 24.37664032 -139.49800000
0.01563095 47.50638580 -136.77100000
40.31295013 2.88984680 -147.02800000
115.95349884 43.25326920 -130.58100000
0.06395692 46.82370377 -136.47200000
8.11540508 13.83417130 -135.75200000
19.05752373 62.15968704 -129.04600000
88.49470520 37.97558975 -126.17600000
0.25645980 43.26226807 -139.52200000
0.03145067 42.92245483 -146.67900000
195.73239136 236.41624451 -138.65900000
22.22207260 3.67800784 -129.53700000
0.46330938 46.92773056 -133.32800000
116.87101746 49.10341644 -130.92500000
109.45747375 55.15726089 -119.97600000
42.71342468 7.36232948 -136.51600000
104.08634949 63.36812592 -121.39000000
0.02229238 3.58283377 -135.73000000
53.07785034 6.07374668 -142.03800000
13.20746708 103.07413483 -134.60900000
0.18395770 43.79573441 -131.27800000
41.46269226 29.51383400 -112.37600000
12.77140522 20.51701164 -141.78700000
7.23229122 11.65925407 -120.33300000
10.28774834 39.78915787 -131.90900000
40.44891739 29.00520515 -127.87700000
81.39562225 33.85001755 -130.81200000
9.58299255 11.98472786 -121.27100000
74.59551239 19.83908844 -127.60900000
56.39675903 40.11401367 -131.48400000
111.93132782 45.20386505 -139.10000000
15.07226467 18.10521698 -135.62400000
108.45803070 51.14019775 -135.97300000
44.37613297 0.77286285 -130.94200000
89.12295532 29.10709190 -137.89400000
4.50567627 58.63024521 -157.23700000
8.89444542 13.33314419 -128.70100000
0.94193971 40.84309769 -126.70800000
0.00915673 46.47588730 -147.67200000
38.73709106 2.86836076 -147.53500000
65.62392426 35.24663544 -128.66900000
12.83628178 17.86611366 -146.77500000
46.98087311 4.36785269 -131.18200000
127.37501526 40.83604050 -151.82700000
9.45750618 12.89725971 -142.65700000
15.80317307 21.52961922 -129.78500000
40.96390533 2.56944895 -141.86300000
47.37742615 9.65069485 -138.53800000
0.11101165 46.60482025 -134.57800000
55.09034729 2.99448276 -125.27700000
53.60588074 2.40819621 -137.84700000
11.56373787 14.83793354 -137.08000000
126.42449951 55.07762527 -138.07400000
0.00983063 47.38781738 -132.96500000
67.52877808 2.70515370 -138.53700000
92.41407776 42.11405945 -130.09100000
11.37598991 15.73561764 -134.65200000
37.10559082 3.86492062 -135.19400000
86.01200867 60.79818726 -140.47400000
76.00093079 25.07501793 -135.26600000
15.26916885 92.32870483 -139.69000000
0.09437896 51.46341324 -133.68000000
0.12493960 50.43010330 -136.54300000
137.13552856 65.85919189 -133.68700000
75.34210968 8.89703369 -139.90800000
8.28681278 17.05777550 -143.41500000
41.69324493 16.73632050 -126.50600000
29.27364349 21.26811218 -132.91100000
33.81192398 4.30695438 -128.49500000
64.02193451 18.62771416 -140.68500000
0.18838800 44.92555237 -136.50200000
6.42524910 15.21537590 -133.39000000
8.79122639 54.67969131 -136.95900000
11.72778320 12.69132328 -136.65500000
1.16371953 40.94060135 -139.13500000
38.34470749 5.84109688 -147.46300000
36.15642548 44.27574921 -114.05000000
104.03205872 58.14452744 -119.29500000
42.51749420 4.51137304 -136.52900000
107.69487762 30.88179016 -132.77100000
37.66276169 29.89376259 -128.12100000
5.44284582 50.67038727 -123.55400000
20.64994240 4.69184542 -132.94300000
44.10731506 12.23937511 -134.55600000
47.24849701 29.15512466 -134.24700000
11.71540928 92.24717712 -126.09900000
31.76020432 1.82175207 -139.66600000
6.34690285 12.27752686 -142.28500000
14.24386120 48.37146378 -133.74700000
7.01833200 12.19034195 -137.99100000
69.68871307 19.63928032 -127.02200000
7.23270321 12.72510719 -122.04800000
0.00408814 17.27165031 -128.35200000
7.01156282 96.18630219 -132.76800000
3.75896215 52.32648087 -135.92800000
0.23050734 41.89786148 -137.80600000
10.66736794 13.63167000 -143.63000000
0.34559605 45.91085815 -122.61200000
18.98218918 17.25349998 -130.83300000
30.59651756 22.18318367 -145.29200000
55.67727661 9.62496948 -136.35500000
96.25024414 89.68917084 -127.69300000
96.92333984 27.40430069 -138.28000000
88.40413666 23.64662933 -123.76800000
0.02515060 210.12170410 -134.83500000
0.17374757 47.12559128 -139.82400000
16.58742905 2.16373372 -133.66400000
1.37180638 52.83317947 -129.17900000
67.42270660 2.53813291 -137.09800000
34.66708374 2.65565515 -130.62700000
21.87294769 49.90410233 -119.39400000
8.37131786 55.98110580 -157.40800000
9.63642120 56.00993729 -134.18800000
17.76224136 104.08724213 -129.47800000
0.22570604 6.08777952 -128.85300000
0.44947559 45.64488220 -154.10700000
45.97967911 27.21760368 -117.91900000
7.91676760 11.03100967 -130.82100000
83.44055176 5.35285711 -134.46700000
19.07200241 46.18347931 -123.51900000
13.73119259 16.18405342 -137.15900000
0.02819631 14.03150654 -141.24200000
98.48615265 31.82150269 -128.78200000
64.32175446 25.35616112 -139.19100000
13.41381741 101.53553009 -150.49200000
0.93664259 36.28351212 -147.30700000
33.27254868 1.02472985 -129.81500000
28.45667648 0.67482662 -123.52100000
80.29197693 23.42048073 -135.32900000
0.00577105 13.65600395 -130.04600000
17.83313370 17.04198456 -138.95400000
33.60433197 27.28485107 -129.76300000
0.31068918 50.49675369 -126.69700000
33.23341370 36.78404617 -140.24300000
26.37443161 1.54493058 -129.36900000
5.44055033 16.01132965 -107.82400000
44.29169083 31.90940857 -138.71900000
1.58834815 43.51828003 -154.52400000
0.25076622 47.04446030 -149.01600000
0.26127040 38.93674850 -142.88100000
0.28146628 47.49364853 -151.14000000
125.39534760 55.69405365 -146.17000000
7.15200043 59.01326752 -150.00200000
12.52921772 52.06810379 -125.08800000
0.19672826 43.41979980 -162.63000000
0.51606804 48.67289734 -143.35000000
32.45101166 0.72358447 -129.93600000
0.00055596 5.33455133 -110.50700000
10.85329247 17.28757477 -116.95000000
0.17064157 42.14440155 -135.73600000
0.11676314 44.24803543 -154.69200000
4.66700745 17.24149132 -138.99500000
35.11627960 21.37553596 -129.38200000
8.07612038 9.28423119 -136.15200000
50.38785553 1.49535060 -137.86400000
0.06832238 44.38248444 -150.74000000
78.14659882 199.74288940 -129.63400000
0.30620387 43.34385681 -131.28000000
0.03759111 44.71337509 -141.85000000
0.24989891 46.67267990 -136.56500000
90.51470184 19.61402130 -125.30600000
2.88111305 13.58168507 -138.28900000
0.09286603 46.39464569 -134.59400000
0.21736182 42.32401657 -156.23100000
0.36755484 5.57006073 -139.65300000
123.99389648 71.53356171 -142.17600000
47.54491806 155.77775574 -125.34800000
0.00246103 14.10590267 -142.98800000
37.73344421 9.65050411 -130.82000000
41.37677383 1.53582001 -135.29000000
7.23173952 12.33272171 -150.57800000
0.05206233 50.98504639 -131.75600000
6.76582909 5.93502378 -133.31900000
99.99166107 46.97354126 -123.68100000
17.20308113 1.63755560 -145.89500000
10.47487640 25.54665184 -138.05600000
34.73345184 11.06195927 -125.47100000
7.09214211 40.05288696 -138.90200000
62.36853027 15.65365791 -129.12200000
116.46041107 67.53806305 -129.64400000
19.44269371 81.42710114 -142.31600000
19.72971725 76.40541077 -139.41000000
8.42078209 5.68962669 -125.65100000
96.10044098 34.67786407 -127.29000000
6.31400347 12.94958496 -149.06000000
5.36891699 15.23621845 -127.57500000
40.56521606 2.72063208 -144.23600000
29.18949890 3.93947983 -131.39300000
17.40062714 13.73286819 -137.65800000
0.02267784 8.19130135 -137.19500000
12.78605938 17.41576767 -132.78700000
0.06718086 45.13568497 -135.33900000
22.61443901 2.93466353 -128.01500000
39.86660004 32.07722473 -115.79400000
9.37801647 14.65321064 -139.72800000
0.33677009 44.99972153 -149.58500000
31.55532837 6.42053795 -137.58000000
10.63321018 13.60604382 -148.61100000
33.92622375 4.48455715 -128.65300000
8.63303852 101.88920593 -141.50100000
14.32626724 5.40131140 -134.00100000
32.34827423 1.82559395 -133.18300000
11.00969219 10.89775467 -123.42000000
34.06081390 4.04983521 -128.86100000
82.05134583 20.78704834 -139.40900000
68.48433685 42.85523987 -129.96100000
0.41384047 42.14427948 -139.77500000
116.46767426 43.57606125 -131.50400000
0.08066241 41.01984406 -144.62100000
85.08840179 27.28685188 -137.38200000
61.07065582 3.81710315 -143.04800000
9.78394794 11.87488556 -132.66600000
70.74665833 16.69732475 -128.56600000
69.98643494 50.97072983 -141.22600000
39.87154388 1.77742326 -137.14800000
6.90457630 16.29436684 -128.07100000
39.56641388 4.04101133 -137.14400000
24.34877777 0.43529475 -135.26400000
0.05826064 45.63508224 -139.04800000
7.61962414 10.17435360 -119.18700000
98.23100281 23.06664848 -130.10900000
0.07809425 48.63068771 -136.20500000
5.71983099 26.14720345 -125.20700000
21.41654205 3.41917396 -129.24500000
2.18182135 52.54196548 -145.14000000
5.72703266 51.92406464 -127.16800000
40.82581329 48.41891861 -141.28800000
26.60234833 0.47393334 -127.19800000
21.46452332 0.50207114 -140.84500000
2.72604370 30.56221962 -131.82200000
0.00007021 8.25359535 -136.83600000
0.21174133 48.16607285 -138.82200000
132.90657043 65.87762451 -146.93300000
44.31548309 3.42030382 -145.29600000
52.02263260 27.96068192 -141.05300000
72.24314880 24.61763954 -137.46100000
9.02030849 11.77235985 -126.15700000
7.26666689 13.39462852 -129.94700000
54.25367737 7.32654190 -140.42300000
7.07721472 51.85670471 -145.56600000
9.04764748 16.12194633 -128.97400000
28.00151062 27.17357445 -139.88100000
11.11291981 13.31461811 -129.57300000
16.49855042 61.16122818 -129.62700000
96.46965790 69.04842377 -129.87200000
4.78085947 55.52275848 -150.11400000
80.28450775 18.80736732 -136.96000000
46.33694839 43.12157440 -133.73300000
7.29032755 12.04239655 -127.64900000
60.89709473 16.09013557 -132.33600000
41.56946182 2.95322943 -140.89300000
11.22535038 15.29240894 -134.01600000
12.95511150 9.61249065 -128.64900000
28.68518829 35.59198761 -132.97900000
10.34774590 12.41838551 -134.98300000
31.19962120 22.08708763 -141.53400000
7.59795475 10.72126293 -143.98300000
127.32661438 61.07500076 -126.80900000
0.21316533 44.51020050 -141.77700000
10.30422497 35.61174011 -136.16500000
0.06865254 45.55199814 -137.97300000
100.80655670 42.36570358 -138.20400000
48.43908691 9.68439293 -137.25800000
9.44883060 12.02685261 -144.82500000
89.23339081 32.69305038 -135.15100000
68.42417145 16.16658974 -121.63100000
13.21319294 70.89579010 -140.63300000
116.31619263 36.89115906 -126.46200000
11.20340061 10.76537609 -124.61100000
0.01447862 44.15504837 -140.64400000
6.19418669 12.44268227 -133.90500000
0.01186151 51.97362518 -149.45900000
5.43220615 14.25668812 -137.05200000
48.73355865 3.08008337 -130.54000000
81.24887848 31.02224350 -137.25600000
10.20857716 14.44646740 -131.22100000
1.94636834 52.01399612 -157.31300000
46.48099518 5.28004837 -144.93300000
28.07271194 38.86355591 -139.36100000
23.02602005 90.88388824 -139.48300000
0.12337582 48.12611008 -138.56100000
115.76706696 69.00731659 -125.50600000
36.18198776 21.37904167 -134.74400000
0.32472488 44.50563812 -141.22500000
5.04524660 13.39720249 -135.38800000
0.00000274 71.50629425 -114.04000000
0.05533854 50.74046707 -140.26700000
0.03135294 48.20766830 -138.35900000
11.19244671 62.84081650 -143.62900000
100.17465973 50.49384689 -136.31800000
0.42990500 36.81305313 -132.11300000
0.02347533 45.59907532 -140.04700000
6.39863205 8.14189529 -132.46400000
0.18642786 46.32268143 -142.00600000
5.45082188 15.14990997 -121.01600000
0.06474195 48.02645874 -137.30400000
38.82312775 3.24249220 -131.86500000
4.21814537 8.10434246 -129.91500000
61.80459976 34.02038956 -140.85000000
11.13831234 15.01207638 -146.43600000
0.03405983 46.49124146 -139.18000000
31.01985168 66.57015228 -121.64900000
98.62019348 30.90190697 -129.25000000
44.55585480 14.38323498 -132.25800000
0.14372373 47.07224655 -152.34600000
4.44202328 7.92903566 -119.90300000
44.55366898 37.17177963 -118.99200000
0.04492094 48.77936172 -134.30400000
1.59617221 7.83318853 -147.11000000
0.11390541 49.30339050 -137.68600000
0.57660431 38.64968491 -132.50700000
6.31516266 18.03967857 -134.81100000
11.99352455 11.77511692 -131.86600000
0.42461541 39.04921341 -128.62200000
6.57879639 44.76201248 -143.27700000
12.50959206 16.64102745 -137.07000000
42.92060089 2.26987839 -158.14500000
125.09580231 30.81509209 -118.16900000
2.53744555 42.98779678 -159.91900000
0.11423927 47.80086136 -152.04900000
0.13583013 43.80033493 -139.55900000
5.98613644 52.81164551 -135.60600000
0.00022051 18.57041740 -130.40000000
0.13034309 42.97433090 -135.54100000
4.62677240 9.27583504 -125.89600000
20.42881393 37.62201309 -138.57400000
11.60765076 12.67861462 -127.41200000
23.91162491 2.70994854 -120.57200000
0.10911311 44.08746719 -157.15700000
68.69374084 53.69491577 -134.39200000
15.07582378 10.97899246 -143.35200000
0.05587314 46.00852585 -131.67600000
